       17.33998       1        1.00
       17.36029       1        2.00
       17.35685       1        3.00
       15.61194       1        4.00
       16.75741       1        5.00
       20.15807       1        6.00
       19.03922       1        7.00
       17.02071       1        8.00
       15.14073       1        9.00
       17.30243       1       10.00
       17.82192       1       11.00
       14.07959       1       12.00
       18.89124       1       13.00
       20.06020       1       14.00
       18.96342       1       15.00
       19.35555       1       16.00
       22.32651       1       17.00
       18.14765       1       18.00
       19.05367       1       19.00
       19.47591       1       20.00
       15.36574       1       21.00
       18.00770       1       22.00
       18.13448       1       23.00
       18.02271       1       24.00
       17.22684       1       25.00
       19.05256       1       26.00
       17.90822       1       27.00
       16.38265       1       28.00
       15.01799       1       29.00
       16.39323       1       30.00
       18.39277       1       31.00
       19.09323       1       32.00
       19.25873       1       33.00
       22.87096       1       34.00
       17.83874       1       35.00
       17.62682       1       36.00
       15.38774       1       37.00
       17.43620       1       38.00
       14.73904       1       39.00
       17.48001       1       40.00
       22.33811       2       41.00
       22.29027       2       42.00
       22.64727       2       43.00
       22.29911       2       44.00
       22.34045       2       45.00
       22.13679       2       46.00
       22.36749       2       47.00
       22.63652       2       48.00
       22.96687       2       49.00
       22.41705       2       50.00
       22.16808       2       51.00
       22.12111       2       52.00
       22.77912       2       53.00
       22.82134       2       54.00
       22.60198       2       55.00
       22.57929       2       56.00
       22.77721       2       57.00
       22.16720       2       58.00
       22.72134       2       59.00
       22.94193       2       60.00
       22.29027       2       61.00
       23.48668       2       62.00
       22.53448       2       63.00
       22.39532       2       64.00
       22.41170       2       65.00
       22.50718       2       66.00
       22.71104       2       67.00
       22.32207       2       68.00
       22.88263       2       69.00
     2936.70641       3       70.00
     2768.71045       3       71.00
     2768.66599       3       72.00
     3047.76185       3       73.00
     2695.12446       3       74.00
     2861.46789       3       75.00
     2639.63358       3       76.00
     2880.69070       3       77.00
     2565.39575       3       78.00
     2583.65025       3       79.00
     3214.85442       3       80.00
     2750.76985       3       81.00
     2825.20855       3       82.00
     2471.79859       3       83.00
     2601.99930       3       84.00
     2732.17463       3       85.00
     2732.32115       3       86.00
     2565.44040       3       87.00
     2676.56004       3       88.00
     2508.12532       3       89.00
     2712.64417       3       90.00
     2695.01140       3       91.00
     2787.92217       3       92.00
     2750.76354       3       93.00
     2712.91393       3       94.00
     2528.47464       3       95.00
     2750.86935       3       96.00
     2879.99187       3       97.00
     2824.47622       3       98.00
     2732.11400       3       99.00
       22.14161       2      100.00
       22.64998       2      101.00
       22.44653       2      102.00
       22.44311       2      103.00
       22.55475       2      104.00
       22.47755       2      105.00
       22.92673       2      106.00
       22.46612       2      107.00
       22.55505       2      108.00
       22.74646       2      109.00
       22.47493       2      110.00
       22.63881       2      111.00
       22.40739       2      112.00
       22.47366       2      113.00
       22.82897       2      114.00
       22.67983       2      115.00
       23.31537       2      116.00
       22.42235       2      117.00
       22.03321       2      118.00
       22.65178       2      119.00
       22.32678       2      120.00
       22.31061       2      121.00
       22.92857       2      122.00
       22.69700       2      123.00
       22.31227       2      124.00
       22.24408       2      125.00
       22.48175       2      126.00
       22.94582       2      127.00
       22.18792       2      128.00
       22.97299       2      129.00
       22.82433       2      130.00
       22.55413       2      131.00
       22.30935       2      132.00
       22.67402       2      133.00
       22.74964       2      134.00
       23.44529       2      135.00
       22.10052       2      136.00
       23.03125       2      137.00
       22.59715       2      138.00
       23.13459       2      139.00
       22.79394       2      140.00
       22.33456       2      141.00
       22.44296       2      142.00
       22.61592       2      143.00
       22.71880       2      144.00
       22.23958       2      145.00
       22.79397       2      146.00
       22.60549       2      147.00
       22.58521       2      148.00
       22.63217       2      149.00
       22.75673       2      150.00
       22.02842       2      151.00
       22.13399       2      152.00
       22.23890       2      153.00
       22.93119       2      154.00
       22.93611       2      155.00
       22.90774       2      156.00
       22.57575       2      157.00
       23.18248       2      158.00
       22.68923       2      159.00
       13.61592       6      160.00
       13.13783       6      161.00
       12.77260       4      162.00
       13.58043       4      163.00
       11.99135       4      164.00
       11.88255       6      165.00
       14.47456       4      166.00
       13.12712       4      167.00
       14.93259       4      168.00
       12.53616       4      169.00
       12.62767       4      170.00
       11.97605       6      171.00
       12.48041       4      172.00
       13.20904       4      173.00
       12.55704       4      174.00
       11.51672       4      175.00
       12.36740       4      176.00
       14.58788       6      177.00
       14.22479       6      178.00
       12.76034       6      179.00
       11.81590       4      180.00
       12.87855       4      181.00
       12.64508       6      182.00
       17.05957       4      183.00
       13.98128       4      184.00
       12.10660       4      185.00
       13.52752       4      186.00
       13.09254       4      187.00
       12.21080       6      188.00
       11.62762       4      189.00
       11.76230       6      190.00
       12.85060       4      191.00
       13.62778       4      192.00
       15.05935       4      193.00
       13.94937       4      194.00
       14.33721       4      195.00
       14.58650       6      196.00
       12.87223       4      197.00
       12.67244       4      198.00
       13.08703       4      199.00
       12.64092       4      200.00
       12.68644       6      201.00
       12.84147       6      202.00
       12.51237       6      203.00
       12.15937       4      204.00
       14.02477       4      205.00
       12.75767       6      206.00
       13.77813       4      207.00
       13.30630       4      208.00
       12.74141       4      209.00
       13.73727       4      210.00
       12.18829       6      211.00
       13.48175       6      212.00
       14.27071       4      213.00
       13.82284       4      214.00
       12.95714       4      215.00
       12.61115       4      216.00
       11.63337       4      217.00
       12.19654       4      218.00
       13.16885       6      219.00
       13.19753       4      220.00
       13.16994       4      221.00
       13.44269       4      222.00
       14.89110       4      223.00
       13.45945       4      224.00
       14.27480       4      225.00
       13.76277       4      226.00
       12.24853       6      227.00
       13.40672       4      228.00
       12.83817       4      229.00
       13.14091       4      230.00
       14.56310       4      231.00
       12.35933       4      232.00
       13.62391       4      233.00
       12.85812       4      234.00
       13.54973       4      235.00
       13.91941       4      236.00
       14.35351       4      237.00
       13.29612       4      238.00
       13.42662       4      239.00
       12.53920       4      240.00
       12.92267       4      241.00
       14.46099       4      242.00
       13.22684       6      243.00
       13.68886       4      244.00
       12.15015       6      245.00
       15.31517       4      246.00
       14.55243       4      247.00
       12.59753       4      248.00
       12.02335       4      249.00
       12.77370       4      250.00
       13.23949       4      251.00
       15.61847       4      252.00
       12.96053       4      253.00
       13.35620       4      254.00
       12.73311       4      255.00
       14.49106       4      256.00
       12.45344       6      257.00
       14.36644       6      258.00
       12.83679       6      259.00
       12.33639       6      260.00
       14.13857       4      261.00
       13.05241       4      262.00
       11.85616       6      263.00
       12.22241       4      264.00
       14.78288       4      265.00
       13.26244       4      266.00
       11.81712       4      267.00
       15.44953       4      268.00
       13.79220       4      269.00
       12.71620       6      270.00
       12.68682       4      271.00
       15.81089       4      272.00
       14.52461       4      273.00
       17.08343       4      274.00
       14.59327       4      275.00
       12.25578       4      276.00
       12.16703       4      277.00
       13.08891       6      278.00
       13.23402       4      279.00
       12.35315       4      280.00
       13.33529       4      281.00
       15.63369       4      282.00
       12.82646       4      283.00
       13.37337       6      284.00
       12.18528       4      285.00
       12.19294       4      286.00
       13.32536       4      287.00
       12.67883       6      288.00
       12.56154       4      289.00
       13.37361       4      290.00
       13.30551       4      291.00
       13.23769       4      292.00
       14.29531       6      293.00
       13.87432       4      294.00
       13.16890       4      295.00
       13.72100       4      296.00
       11.87958       6      297.00
       15.63559       6      298.00
       13.37044       6      299.00
       13.01603       6      300.00
       14.38903       4      301.00
       13.51163       4      302.00
       13.59381       4      303.00
       12.71420       4      304.00
       15.56456       4      305.00
       15.33154       6      306.00
       14.88868       4      307.00
       13.22772       4      308.00
       14.42435       4      309.00
       13.05145       4      310.00
       14.30653       4      311.00
       12.76562       4      312.00
       11.87155       6      313.00
       13.08329       4      314.00
       14.67075       4      315.00
       14.93408       4      316.00
       12.39303       4      317.00
       13.43160       4      318.00
       12.60938       6      319.00
       13.07372       4      320.00
       14.84075       4      321.00
       13.91141       6      322.00
       13.55054       4      323.00
       14.86863       4      324.00
       13.00431       4      325.00
       13.36874       6      326.00
       13.21761       4      327.00
       13.76081       6      328.00
       12.96841       4      329.00
       12.78908       4      330.00
       13.30933       4      331.00
       12.85217       6      332.00
       12.40848       4      333.00
       12.72800       4      334.00
       15.09510       6      335.00
       11.67914       6      336.00
       12.51428       6      337.00
       13.94240       4      338.00
       13.13259       4      339.00
       11.85633       6      340.00
       13.48592       4      341.00
       13.10371       4      342.00
       12.80903       4      343.00
       12.46309       4      344.00
       14.07069       4      345.00
       13.02583       4      346.00
       15.94781       4      347.00
       13.47526       4      348.00
       14.12798       4      349.00
       14.03103       4      350.00
       13.67789       4      351.00
       12.47131       4      352.00
       12.89002       4      353.00
       12.11250       6      354.00
       13.68686       4      355.00
       11.81047       6      356.00
       12.76973       4      357.00
       14.30853       4      358.00
       13.37881       6      359.00
       12.83625       4      360.00
       12.83305       4      361.00
       14.41863       4      362.00
       12.64463       4      363.00
       17.01390       4      364.00
       12.21470       6      365.00
       13.87845       4      366.00
       15.17425       6      367.00
       14.59608       6      368.00
       14.22237       4      369.00
       14.51622       4      370.00
       15.12480       4      371.00
       12.81846       4      372.00
       11.77978       6      373.00
       11.84594       4      374.00
       16.23086       6      375.00
       14.31979       4      376.00
       12.00145       4      377.00
       11.52826       4      378.00
       11.79164       4      379.00
       13.09032       4      380.00
       13.77025       4      381.00
       12.74653       6      382.00
       12.40094       4      383.00
       14.76518       6      384.00
       13.17980       6      385.00
       14.52970       6      386.00
       14.65756       4      387.00
       12.50281       4      388.00
       11.76521       4      389.00
       17.41760       6      390.00
       11.97107       4      391.00
       14.87363       4      392.00
       15.61670       4      393.00
       13.86319       4      394.00
       13.66308       4      395.00
       14.04813       4      396.00
       13.82108       4      397.00
       12.83120       6      398.00
       13.58055       4      399.00
       13.05903       6      400.00
       13.20315       4      401.00
       13.90849       6      402.00
       12.01164       6      403.00
       12.14484       4      404.00
       12.51066       4      405.00
       12.75642       4      406.00
       13.09528       6      407.00
       11.75820       4      408.00
       13.86796       4      409.00
       12.18124       4      410.00
       12.86725       4      411.00
       12.24407       6      412.00
       12.43713       4      413.00
       12.95146       4      414.00
       13.04011       6      415.00
       11.83076       4      416.00
       13.23131       6      417.00
       13.21697       4      418.00
       14.77834       4      419.00
       13.16715       4      420.00
       13.13149       4      421.00
       12.25750       4      422.00
       14.52144       4      423.00
       13.36148       4      424.00
       14.96022       4      425.00
       13.85798       4      426.00
       13.93741       4      427.00
       12.74054       4      428.00
       12.51238       4      429.00
       12.22851       6      430.00
       13.80788       4      431.00
       14.12615       6      432.00
       12.48051       6      433.00
       12.96062       6      434.00
       12.28003       4      435.00
       11.75338       4      436.00
       14.28072       4      437.00
       11.88584       4      438.00
       13.14206       4      439.00
       13.52845       4      440.00
       14.64555       4      441.00
       12.54197       4      442.00
       12.52510       4      443.00
       12.77626       6      444.00
       12.56020       4      445.00
       11.90018       6      446.00
       12.50827       4      447.00
       14.01078       4      448.00
       12.58367       4      449.00
       13.24058       6      450.00
       15.38873       4      451.00
       12.93054       4      452.00
       11.71893       4      453.00
       13.50712       4      454.00
       12.39270       4      455.00
       13.35312       4      456.00
       13.28456       4      457.00
       12.37252       4      458.00
       13.77325       6      459.00
       15.03997       6      460.00
       12.33259       4      461.00
       14.35751       6      462.00
       12.08450       4      463.00
       12.18412       6      464.00
       12.73849       4      465.00
       13.06830       4      466.00
       11.94224       4      467.00
       13.46758       4      468.00
       16.45609       4      469.00
       12.15719       4      470.00
       16.21153       4      471.00
       14.33320       4      472.00
       12.23490       4      473.00
       13.06343       4      474.00
       13.44651       4      475.00
       12.82370       6      476.00
       14.28166       6      477.00
       12.10142       4      478.00
       14.21293       4      479.00
       13.18982       6      480.00
       14.52999       4      481.00
       13.75623       6      482.00
       13.35564       4      483.00
       12.02222       4      484.00
       12.92479       4      485.00
       11.73865       6      486.00
       12.45447       4      487.00
       14.15523       4      488.00
       12.33286       4      489.00
       12.71718       4      490.00
       13.47665       6      491.00
       12.86675       4      492.00
       13.41779       4      493.00
       12.64325       4      494.00
       14.38931       4      495.00
       12.42017       4      496.00
       12.33508       4      497.00
       12.68267       4      498.00
       14.33224       4      499.00
       12.22881       6      500.00
       13.58897       4      501.00
       14.21193       6      502.00
       12.14461       4      503.00
       14.46047       6      504.00
       13.38079       4      505.00
       13.08818       4      506.00
       13.16204       4      507.00
       14.79079       4      508.00
       15.84363       4      509.00
       12.49210       4      510.00
       12.04090       6      511.00
       13.22643       4      512.00
       12.26851       6      513.00
       13.45614       4      514.00
       13.94705       4      515.00
       12.17064       4      516.00
       15.62405       4      517.00
       14.03561       6      518.00
       13.60269       4      519.00
       13.64897       4      520.00
       14.95927       4      521.00
       13.62817       4      522.00
       12.06942       6      523.00
       12.91426       6      524.00
       14.20299       4      525.00
       12.67304       4      526.00
       13.41669       6      527.00
       13.18712       4      528.00
       13.07112       6      529.00
       14.20298       4      530.00
       13.02369       6      531.00
       13.05302       6      532.00
       13.95576       6      533.00
       12.74612       4      534.00
       14.34661       6      535.00
       14.27392       6      536.00
       13.98664       6      537.00
       13.28350       4      538.00
       12.30780       4      539.00
       14.11540       4      540.00
       13.13451       6      541.00
       11.99826       4      542.00
       12.75332       4      543.00
       11.60440       4      544.00
       12.02331       4      545.00
       13.45582       6      546.00
       13.27555       4      547.00
       12.76631       4      548.00
       13.61193       4      549.00
       14.35210       4      550.00
       14.85866       4      551.00
       13.24702       6      552.00
       12.65600       6      553.00
       14.55656       4      554.00
       13.99451       4      555.00
       12.42632       4      556.00
       12.18291       4      557.00
       16.83670       4      558.00
       14.29195       4      559.00
       15.62893       4      560.00
       12.61135       4      561.00
       13.37296       4      562.00
       13.11248       4      563.00
       15.31063       6      564.00
       12.14334       6      565.00
       12.93150       4      566.00
       13.02570       4      567.00
       13.94939       4      568.00
       11.63055       4      569.00
       12.24813       4      570.00
       11.76112       4      571.00
       12.55903       4      572.00
       12.14297       6      573.00
       12.05012       6      574.00
       12.88194       4      575.00
       12.92476       6      576.00
       12.88822       6      577.00
       13.15879       4      578.00
       13.32165       4      579.00
       12.92832       4      580.00
       13.48641       4      581.00
       12.80981       6      582.00
       11.88293       6      583.00
       12.28027       4      584.00
       14.51090       4      585.00
       13.35770       4      586.00
       12.27953       4      587.00
       13.31166       6      588.00
       11.79428       4      589.00
       12.26034       4      590.00
       12.85426       4      591.00
       12.30537       6      592.00
       13.85677       4      593.00
       13.41684       6      594.00
       12.48145       4      595.00
       13.11315       6      596.00
       13.56514       6      597.00
       12.58878       4      598.00
       12.81168       6      599.00
       13.75060       4      600.00
       11.80305       4      601.00
       11.84364       4      602.00
       12.98225       4      603.00
       12.27578       4      604.00
       12.43710       6      605.00
       14.35844       4      606.00
       13.15284       6      607.00
       12.38203       6      608.00
       12.98224       4      609.00
       14.10587       4      610.00
       12.52846       6      611.00
       13.69284       6      612.00
       12.60814       4      613.00
       12.76553       4      614.00
       12.79216       4      615.00
       12.68250       4      616.00
       16.02807       4      617.00
       12.30207       4      618.00
       12.52799       4      619.00
       13.64443       4      620.00
       14.85503       4      621.00
       12.08851       4      622.00
       12.28420       6      623.00
       13.93368       4      624.00
       12.96830       4      625.00
       13.99614       4      626.00
       13.73673       4      627.00
       13.10527       4      628.00
        1.98085       5      629.00
        2.77599       5      630.00
        2.73523       5      631.00
        3.78435       5      632.00
        4.87512       5      633.00
        3.27793       5      634.00
        3.69829       5      635.00
        2.21845       5      636.00
        2.81404       5      637.00
        2.14591       5      638.00
        2.76945       5      639.00
        2.43815       5      640.00
        4.18362       5      641.00
        3.76512       5      642.00
        2.89823       5      643.00
        1.99405       5      644.00
        3.73336       5      645.00
        3.09598       5      646.00
        2.89051       5      647.00
        3.09408       5      648.00
        3.05354       5      649.00
        2.28004       5      650.00
        3.10835       5      651.00
        2.08999       5      652.00
        2.72883       5      653.00
        2.63568       9      654.00
        2.27897       5      655.00
        2.10827       5      656.00
        4.84078       5      657.00
        2.62083       5      658.00
        3.22160       5      659.00
        2.63878       5      660.00
        3.82755       5      661.00
        2.95793       5      662.00
        4.47409       5      663.00
        2.12349       5      664.00
        2.82955       5      665.00
        3.71706       9      666.00
        3.25822       5      667.00
        2.07526       5      668.00
        2.19815       5      669.00
        2.65309       5      670.00
        2.70500       5      671.00
        2.05158       5      672.00
        2.38994       5      673.00
        2.28112       5      674.00
        3.18668       5      675.00
        2.14334       5      676.00
        3.05014       5      677.00
        2.23470       5      678.00
        2.70739       5      679.00
        2.50906       5      680.00
        3.02251       5      681.00
        2.94563       5      682.00
        2.36501       5      683.00
        2.89898       5      684.00
        2.98891       5      685.00
        3.25064       5      686.00
        2.23228       5      687.00
        2.15108       5      688.00
        2.77747       9      689.00
        2.37428       5      690.00
        2.51868       5      691.00
        3.96935       5      692.00
        3.37600       5      693.00
        2.52418       9      694.00
        3.14657       5      695.00
        3.38812       5      696.00
        3.09354       5      697.00
        2.81815       5      698.00
