 17.0647            1
 18.5857            1
 16.4424            1
 16.9618            1
 16.9830            1
 16.6906            1
 19.0206            1
 21.0143            1
 16.4085            1
 16.9588            1
 19.8689            1
 16.1295            1
 16.6914            1
 17.0395            1
 18.1824            1
 17.6527            1
 16.4968            1
 17.2284            1
 17.6930            1
 17.0751            1
 16.4962            1
 16.1602            1
 19.0879            1
 17.9791            1
 20.0157            1
 16.8346            1
 18.2451            1
 16.7107            1
 17.7647            1
 20.1199            1
 17.3744            1
 18.2327            1
 15.3350            1
 18.0225            1
 23.7895            1
 18.1540            1
 22.1597            1
 16.1191            1
 18.1574            1
 15.8380            1
 17.0337            1
 17.3542            1
 19.6995            1
 16.5722            1
 17.4305            1
 15.4961            1
 21.3852            1
 14.8544            1
 18.5827            1
 17.2408            1
 17.4042            1
 15.9606            1
 17.3614            1
 17.1447            1
 19.4794            1
 17.0059            1
 18.5513            1
 17.9395            1
 20.5169            1
 18.3548            1
 22.0734            2
 22.8216            2
 22.3572            2
 22.4978            2
 22.4868            2
 22.6049            2
 22.7738            2
 22.8633            2
 22.9819            2
 22.6752            2
 22.6141            2
 22.4342            2
 22.2421            2
 22.6113            2
 22.3830            2
 22.6588            2
 22.7096            2
 22.5341            2
 22.3422            2
 22.4496            2
 22.3236            2
 22.5156            2
 22.8312            2
 22.8329            2
 22.9020            2
 22.3154            2
 22.7038            2
 23.0918            2
 22.5095            2
 22.5152            2
 22.5473            2
 22.4710            2
 22.6843            2
 22.4106            2
 22.4675            2
 22.6100            2
 22.1273            2
 22.6286            2
 22.3406            2
 22.3715            2
 22.3889            2
 22.1737            2
 22.8666            2
 22.4932            2
 21.8944            2
 22.3949            2
 23.0424            2
 22.5068            2
 22.4285            2
 22.5774            2
 22.5431            2
 22.2291            2
 23.0168            2
 22.7552            2
 22.8985            2
 22.1828            2
 22.0146            2
 22.4157            2
 22.3768            2
 22.1331            2
********            3
********            3
********            3
********            3
********            3
********            3
********            3
********            3
********            3
********            3
********            3
********            3
********            3
********            3
********            3
********            3
********            3
********            3
********            3
********            3
********            3
********            3
********            3
********            3
********            3
********            3
********            3
********            3
********            3
********            3
 22.4266            2
 22.4200            2
 22.3995            2
 22.8154            2
 22.8081            2
 21.8296            2
 22.4645            2
 22.2200            2
 22.1753            2
 22.4750            2
 22.6459            2
 22.2705            2
 22.5126            2
 22.0003            2
 21.9045            2
 22.2111            2
 22.7448            2
 22.6270            2
 22.5363            2
 22.7676            2
 21.9312            2
 22.3081            2
 22.4406            2
 22.3897            2
 22.9365            2
 22.7341            2
 22.4126            2
 22.0763            2
 22.8258            2
 22.2691            2
 23.1086            2
 23.0207            2
 22.3048            2
 22.2203            2
 22.6143            2
 22.8268            2
 22.5779            2
 23.2861            2
 22.7784            2
 22.3229            2
 22.9215            2
 22.3733            2
 22.7807            2
 22.6644            2
 23.5976            2
 22.8653            2
 22.1772            2
 22.6730            2
 22.4532            2
 21.9530            2
 22.1573            2
 23.1963            2
 22.2981            2
 22.3822            2
 22.2739            2
 22.8024            2
 22.6759            2
 22.5687            2
 22.4807            2
 22.4422            2
 22.8083            2
 22.5527            2
 23.4022            2
 22.5721            2
 22.8330            2
 22.5963            2
 22.5080            2
 22.3254            2
 22.1763            2
 22.6102            2
 23.1346            2
 22.5976            2
 22.4167            2
 22.3975            2
 22.5200            2
 22.4732            2
 22.8032            2
 23.1404            2
 22.4053            2
 22.4826            2
 22.7572            2
 22.5026            2
 22.6497            2
 22.7677            2
 22.3070            2
 22.7582            2
 22.2894            2
 22.5041            2
 22.8892            2
 11.8740            4
 12.7449            4
 14.6851            6
 14.1242            4
 12.7488            6
 15.6799            6
 13.6614            4
 12.0407            4
 15.3434            4
 13.4625            4
 12.5468            6
 12.0944            4
 14.5292            4
 11.6911            4
 13.9520            4
 14.0910            4
 13.9608            4
 12.8419            4
 13.5927            4
 13.4873            4
 13.8457            4
 14.0904            6
 15.8615            4
 13.2839            4
 13.1209            6
 12.8204            4
 12.2250            6
 13.3973            4
 13.0957            4
 12.8622            4
 12.0663            4
 12.2507            4
 14.2744            4
 12.9215            6
 14.2672            4
 12.6942            4
 12.2710            4
 13.6335            4
 13.3419            6
 12.9327            4
 14.4183            6
 14.4489            4
 13.0637            4
 13.5824            4
 11.7974            4
 15.1065            6
 12.5157            6
 11.9556            4
 13.3119            4
 12.0967            4
 13.0583            6
 16.0552            4
 13.8930            4
 12.8461            6
 12.7701            6
 14.4904            4
 12.9487            4
 12.1381            4
 12.9006            4
 12.0872            4
 12.0315            6
 12.6639            6
 13.9870            4
 12.6426            4
 12.4322            6
 14.4141            4
 14.3632            4
 12.5615            6
 12.1302            4
 11.9159            6
 12.9528            6
 14.0657            4
 12.5814            6
 14.4275            6
 12.7729            6
 12.1298            6
 12.0287            4
 12.6047            4
 14.4374            4
 14.4665            4
 12.4182            6
 13.5824            4
 12.0987            6
 13.2586            6
 14.7212            4
 12.9607            6
 14.1536            6
 12.1498            4
 14.7104            4
 13.8817            4
 12.2488            6
 13.0183            4
 13.2728            4
 13.6671            4
 13.7260            4
 12.8010            6
 11.9713            6
 12.8769            4
 12.1360            4
 14.3253            6
 12.4199            4
 12.6316            4
 14.7297            4
 12.9863            4
 13.4518            4
 13.5559            4
 13.3354            6
 12.6931            6
 12.0347            4
 12.3778            4
 13.8102            6
 12.1141            4
 13.2590            4
 12.9076            6
 12.5251            4
 13.6824            4
 12.3609            6
 12.2257            4
 12.7888            4
 13.8997            4
 14.0850            6
 12.9248            4
 15.2124            6
 13.3249            4
 11.7214            6
 13.6670            4
 13.7366            6
 14.6979            4
 12.5568            6
 13.9943            6
 12.9708            6
 12.0666            4
 12.9119            4
 13.1045            4
 12.0522            4
 12.6371            4
 11.8786            6
 15.5192            6
 13.9828            4
 14.3800            4
 12.1637            4
 12.0977            4
 12.5367            4
 12.5935            4
 15.4389            4
 13.1564            4
 13.5425            4
 13.0168            4
 12.8481            4
 11.6773            6
 12.7201            4
 11.7965            6
 13.9492            6
 14.9454            4
 12.5336            4
 14.6578            4
 13.8902            4
 17.0477            4
 13.1025            4
 12.3746            6
 13.4559            4
 12.6271            4
 13.8062            4
 12.5940            6
 16.0086            4
 13.7930            4
 13.7259            4
 12.9697            4
 13.3159            4
 12.1701            6
 11.7332            6
 12.0970            4
 12.5357            6
 15.7946            4
 12.0484            4
 12.0625            4
 15.6192            4
 11.7997            4
 12.8905            4
 13.6662            4
 12.1971            6
 12.8949            4
 12.0697            4
 12.3576            4
 12.6112            4
 12.1558            4
 14.2582            4
 12.0661            4
 14.3683            4
 15.6253            4
  2.9555            5
  2.7822            9
  2.9975            5
  2.3991            5
  2.4430            5
  3.0627            5
  2.4131            5
  2.3951            5
  2.1399            5
  3.5302            5
  2.5810            5
  4.7283            5
  3.0116            5
  3.3023            5
  3.6300            5
  3.7425            5
  2.2019            5
  2.2617            5
  4.5703            5
  2.9733            5
  2.5009            5
  2.2997            5
  2.2935            5
  2.7535            5
  2.2137            5
  2.4499            5
  2.9169            5
  5.6599            5
  2.3052            5
  3.8378            5
  2.4585            5
  3.5751            5
  3.7178            5
  4.3271            5
  3.2257            5
  3.4262            5
  3.4665            5
  2.8966            9
  2.9665            5
  3.0033            5
  2.4393            5
  2.2222            5
  3.7318            5
  2.1295            5
  2.2730            5
  3.6462            5
  4.5584            5
  3.4764            5
  3.2771            5
  2.8780            9
  2.6842            5
  4.2784            5
  2.0314            5
  3.4391            5
  2.3650            5
  3.0072            5
  5.1134            5
  2.9781            5
  2.0227            5
  2.0014            5
  2.4251            5
  2.4384            5
  2.2614            9
  2.8146            5
  2.6038            5
  3.6062            5
  2.7073            5
  2.9514            5
  2.5029            5
  2.2845            5
  2.7757            5
  3.4897            9
  3.0372            5
  3.8243            5
  2.8359            5
  3.1091            9
  2.3213            5
  2.2016            5
  2.4141            5
  2.7185            5
  2.7399            5
  2.9315            5
  3.7065            5
  2.7828            5
  2.4299            5
  2.7612            9
  2.2355            5
  2.0743            9
  2.5663            9
  3.3555            9
  2.8909            5
  2.4993            5
  3.7468            9
  2.5629            5
  3.7046            5
  3.6832            5
  2.6834            5
  2.2814            5
  2.3582            5
  2.5558            5
  3.1929            5
  3.7387            5
  2.5778            5
  2.8239            5
  3.1053            5
  1.9822            5
  2.6430            5
  3.2374            5
  2.9637            5
  2.8416            5
  2.7112            5
  3.6631            5
  2.0943            5
  3.8732            5
  2.0270            9
  2.6958            5
  2.6531            5
  3.0572            5
  2.3755            5
  2.3031            9
  2.7364            5
  1.9979            5
  2.1480            5
  3.7300            5
  3.0681            5
  2.8130            5
  3.4732            5
  2.3589            5
  2.4578            5
  3.4707            5
  2.4438            5
  3.0711            5
  4.1662            5
  2.1609            5
  2.1594            5
  2.0663            5
  3.4729            5
  3.7641            5
  2.0194            5
  1.9674            9
  2.8158            5
  2.8000            5
  2.3207            5
  3.6717            5
  2.8155            5
  2.4932            5
  3.1074            5
  3.1379            5
  1.9392            5
  3.5582            5
  2.4245            5
  2.8009            5
  2.6031            9
  2.4416            5
  2.1734            5
  2.9346            5
  4.8498            5
  2.3055            5
  2.9540            5
  3.9612            5
  3.8487            5
  3.1838            5
  2.4879            5
  3.2346            5
  2.6731            5
  2.4551            5
  2.2582            5
  3.3425            5
  2.3210            9
  3.9428            5
  2.8036            5
  2.5390            5
  1.9453            5
  3.0035            5
  2.1138            5
  1.9921            5
  2.7533            5
  3.4784            5
  2.2945            5
  2.0672            5
  3.4869            5
  2.4521            5
  2.2215            9
  3.2810            5
  3.2562            5
  3.3630            5
  1.9627            9
  2.2106            5
  2.2928            5
  2.0372            5
  2.8310            5
  2.3339            5
  2.0355            5
  2.7881            5
  2.6500            5
  2.6634            5
  2.1348            5
  3.0580            5
  3.0042            5
  2.4620            5
  2.3639            5
  3.9957            5
  2.9269            5
  3.0016            5
  3.1240            5
  3.7519            5
  2.6502            5
  2.8139            5
  3.1800            5
  3.0587            5
  3.0824            5
  2.1936            5
  2.3000            5
  2.0425            9
  3.9197            5
  2.6350            5
  4.1691            5
  2.4929            5
  3.5408            5
  2.0817            5
  2.1448            5
  3.5994            5
  3.5731            5
  2.7249            5
  2.0961            9
  3.6647            5
  2.3577            5
  2.1427            9
  4.1048            5
  3.0557            5
  1.9181            5
  2.3311            5
  2.1516            5
  2.0300            5
  2.3259            5
  2.4722            5
  2.3299            5
  4.8381            5
  2.5162            5
  3.0966            5
  3.3896            5
  2.6138            5
  2.2756            5
  2.7046            5
  1.9544            5
  2.1528            5
  4.5102            5
  3.1403            5
  2.5764            5
  3.3846            9
  4.1366            5
  3.2856            5
  2.5286            5
  3.2212            5
  3.0344            5
  2.6646            5
  2.1211            5
  2.2905            5
  2.6894            5
  2.3793            5
  3.7059            5
  3.5071            5
  2.8292            5
  2.9114            5
  3.2989            5
  4.2034            5
  2.7038            5
  2.0621            5
  2.7514            5
  2.8429            5
