       17.06467       1        1.00
       18.58565       1        2.00
       16.44236       1        3.00
       16.96185       1        4.00
       16.98299       1        5.00
       16.69059       1        6.00
       19.02060       1        7.00
       21.01428       1        8.00
       16.40846       1        9.00
       16.95877       1       10.00
       19.86887       1       11.00
       16.12952       1       12.00
       16.69142       1       13.00
       17.03946       1       14.00
       18.18237       1       15.00
       17.65272       1       16.00
       16.49682       1       17.00
       17.22837       1       18.00
       17.69297       1       19.00
       17.07509       1       20.00
       16.49617       1       21.00
       16.16016       1       22.00
       19.08789       1       23.00
       17.97908       1       24.00
       20.01567       1       25.00
       16.83461       1       26.00
       18.24511       1       27.00
       16.71074       1       28.00
       17.76474       1       29.00
       20.11995       1       30.00
       17.37442       1       31.00
       18.23272       1       32.00
       15.33503       1       33.00
       18.02246       1       34.00
       23.78950       1       35.00
       18.15400       1       36.00
       22.15966       1       37.00
       16.11914       1       38.00
       18.15740       1       39.00
       15.83797       1       40.00
       17.03374       1       41.00
       17.35418       1       42.00
       19.69948       1       43.00
       16.57218       1       44.00
       17.43053       1       45.00
       15.49612       1       46.00
       21.38518       1       47.00
       14.85439       1       48.00
       18.58275       1       49.00
       17.24082       1       50.00
       17.40419       1       51.00
       15.96057       1       52.00
       17.36140       1       53.00
       17.14471       1       54.00
       19.47945       1       55.00
       17.00594       1       56.00
       18.55133       1       57.00
       17.93949       1       58.00
       20.51685       1       59.00
       18.35482       1       60.00
       22.07340       2       61.00
       22.82164       2       62.00
       22.35722       2       63.00
       22.49780       2       64.00
       22.48684       2       65.00
       22.60493       2       66.00
       22.77378       2       67.00
       22.86327       2       68.00
       22.98194       2       69.00
       22.67519       2       70.00
       22.61408       2       71.00
       22.43420       2       72.00
       22.24210       2       73.00
       22.61130       2       74.00
       22.38298       2       75.00
       22.65884       2       76.00
       22.70962       2       77.00
       22.53405       2       78.00
       22.34219       2       79.00
       22.44957       2       80.00
       22.32362       2       81.00
       22.51562       2       82.00
       22.83118       2       83.00
       22.83292       2       84.00
       22.90201       2       85.00
       22.31536       2       86.00
       22.70379       2       87.00
       23.09179       2       88.00
       22.50954       2       89.00
       22.51521       2       90.00
       22.54730       2       91.00
       22.47097       2       92.00
       22.68431       2       93.00
       22.41057       2       94.00
       22.46753       2       95.00
       22.60997       2       96.00
       22.12732       2       97.00
       22.62863       2       98.00
       22.34064       2       99.00
       22.37154       2      100.00
       22.38890       2      101.00
       22.17367       2      102.00
       22.86661       2      103.00
       22.49318       2      104.00
       21.89444       2      105.00
       22.39487       2      106.00
       23.04241       2      107.00
       22.50684       2      108.00
       22.42849       2      109.00
       22.57742       2      110.00
       22.54311       2      111.00
       22.22906       2      112.00
       23.01682       2      113.00
       22.75516       2      114.00
       22.89846       2      115.00
       22.18279       2      116.00
       22.01459       2      117.00
       22.41569       2      118.00
       22.37684       2      119.00
       22.13305       2      120.00
     2639.98594       3      121.00
     2898.81420       3      122.00
     2583.36638       3      123.00
     2695.31927       3      124.00
     2789.07825       3      125.00
     3029.29445       3      126.00
     2973.63844       3      127.00
     2954.81201       3      128.00
     2824.69097       3      129.00
     2862.07037       3      130.00
     2693.97657       3      131.00
     2712.97280       3      132.00
     2750.25019       3      133.00
     2806.46979       3      134.00
     2843.99401       3      135.00
     2954.97915       3      136.00
     2788.04553       3      137.00
     2787.87087       3      138.00
     2825.04568       3      139.00
     2936.62396       3      140.00
     2825.30080       3      141.00
     2639.00924       3      142.00
     2788.77057       3      143.00
     2918.37528       3      144.00
     2306.21129       3      145.00
     2454.24227       3      146.00
     2713.79391       3      147.00
     2861.94262       3      148.00
     3122.11076       3      149.00
     2806.34419       3      150.00
       22.42664       2      151.00
       22.42002       2      152.00
       22.39953       2      153.00
       22.81536       2      154.00
       22.80808       2      155.00
       21.82956       2      156.00
       22.46446       2      157.00
       22.21998       2      158.00
       22.17533       2      159.00
       22.47498       2      160.00
       22.64588       2      161.00
       22.27052       2      162.00
       22.51259       2      163.00
       22.00030       2      164.00
       21.90454       2      165.00
       22.21107       2      166.00
       22.74482       2      167.00
       22.62699       2      168.00
       22.53629       2      169.00
       22.76756       2      170.00
       21.93121       2      171.00
       22.30808       2      172.00
       22.44058       2      173.00
       22.38972       2      174.00
       22.93654       2      175.00
       22.73410       2      176.00
       22.41265       2      177.00
       22.07631       2      178.00
       22.82584       2      179.00
       22.26912       2      180.00
       23.10863       2      181.00
       23.02067       2      182.00
       22.30476       2      183.00
       22.22033       2      184.00
       22.61429       2      185.00
       22.82679       2      186.00
       22.57788       2      187.00
       23.28607       2      188.00
       22.77841       2      189.00
       22.32294       2      190.00
       22.92151       2      191.00
       22.37328       2      192.00
       22.78072       2      193.00
       22.66443       2      194.00
       23.59758       2      195.00
       22.86531       2      196.00
       22.17717       2      197.00
       22.67298       2      198.00
       22.45323       2      199.00
       21.95301       2      200.00
       22.15727       2      201.00
       23.19632       2      202.00
       22.29811       2      203.00
       22.38217       2      204.00
       22.27386       2      205.00
       22.80240       2      206.00
       22.67589       2      207.00
       22.56865       2      208.00
       22.48074       2      209.00
       22.44218       2      210.00
       22.80832       2      211.00
       22.55273       2      212.00
       23.40218       2      213.00
       22.57206       2      214.00
       22.83301       2      215.00
       22.59630       2      216.00
       22.50798       2      217.00
       22.32544       2      218.00
       22.17633       2      219.00
       22.61020       2      220.00
       23.13455       2      221.00
       22.59756       2      222.00
       22.41673       2      223.00
       22.39749       2      224.00
       22.52002       2      225.00
       22.47316       2      226.00
       22.80319       2      227.00
       23.14040       2      228.00
       22.40532       2      229.00
       22.48259       2      230.00
       22.75724       2      231.00
       22.50263       2      232.00
       22.64971       2      233.00
       22.76771       2      234.00
       22.30696       2      235.00
       22.75824       2      236.00
       22.28937       2      237.00
       22.50409       2      238.00
       22.88924       2      239.00
       11.87400       4      240.00
       12.74486       4      241.00
       14.68513       6      242.00
       14.12418       4      243.00
       12.74883       6      244.00
       15.67988       6      245.00
       13.66139       4      246.00
       12.04074       4      247.00
       15.34341       4      248.00
       13.46248       4      249.00
       12.54676       6      250.00
       12.09439       4      251.00
       14.52924       4      252.00
       11.69113       4      253.00
       13.95203       4      254.00
       14.09103       4      255.00
       13.96082       4      256.00
       12.84194       4      257.00
       13.59270       4      258.00
       13.48732       4      259.00
       13.84569       4      260.00
       14.09044       6      261.00
       15.86151       4      262.00
       13.28387       4      263.00
       13.12088       6      264.00
       12.82044       4      265.00
       12.22495       6      266.00
       13.39726       4      267.00
       13.09568       4      268.00
       12.86218       4      269.00
       12.06631       4      270.00
       12.25073       4      271.00
       14.27443       4      272.00
       12.92146       6      273.00
       14.26721       4      274.00
       12.69425       4      275.00
       12.27099       4      276.00
       13.63354       4      277.00
       13.34186       6      278.00
       12.93267       4      279.00
       14.41826       6      280.00
       14.44886       4      281.00
       13.06366       4      282.00
       13.58242       4      283.00
       11.79741       4      284.00
       15.10650       6      285.00
       12.51572       6      286.00
       11.95561       4      287.00
       13.31193       4      288.00
       12.09673       4      289.00
       13.05831       6      290.00
       16.05515       4      291.00
       13.89299       4      292.00
       12.84612       6      293.00
       12.77008       6      294.00
       14.49040       4      295.00
       12.94869       4      296.00
       12.13813       4      297.00
       12.90059       4      298.00
       12.08722       4      299.00
       12.03146       6      300.00
       12.66391       6      301.00
       13.98695       4      302.00
       12.64259       4      303.00
       12.43219       6      304.00
       14.41411       4      305.00
       14.36317       4      306.00
       12.56153       6      307.00
       12.13020       4      308.00
       11.91586       6      309.00
       12.95276       6      310.00
       14.06567       4      311.00
       12.58141       6      312.00
       14.42750       6      313.00
       12.77289       6      314.00
       12.12975       6      315.00
       12.02869       4      316.00
       12.60474       4      317.00
       14.43743       4      318.00
       14.46648       4      319.00
       12.41821       6      320.00
       13.58236       4      321.00
       12.09875       6      322.00
       13.25859       6      323.00
       14.72117       4      324.00
       12.96065       6      325.00
       14.15364       6      326.00
       12.14983       4      327.00
       14.71039       4      328.00
       13.88175       4      329.00
       12.24878       6      330.00
       13.01825       4      331.00
       13.27280       4      332.00
       13.66711       4      333.00
       13.72601       4      334.00
       12.80096       6      335.00
       11.97127       6      336.00
       12.87693       4      337.00
       12.13603       4      338.00
       14.32526       6      339.00
       12.41991       4      340.00
       12.63164       4      341.00
       14.72966       4      342.00
       12.98630       4      343.00
       13.45181       4      344.00
       13.55587       4      345.00
       13.33543       6      346.00
       12.69314       6      347.00
       12.03469       4      348.00
       12.37776       4      349.00
       13.81016       6      350.00
       12.11414       4      351.00
       13.25900       4      352.00
       12.90759       6      353.00
       12.52507       4      354.00
       13.68237       4      355.00
       12.36085       6      356.00
       12.22567       4      357.00
       12.78879       4      358.00
       13.89967       4      359.00
       14.08497       6      360.00
       12.92482       4      361.00
       15.21237       6      362.00
       13.32487       4      363.00
       11.72142       6      364.00
       13.66697       4      365.00
       13.73662       6      366.00
       14.69786       4      367.00
       12.55680       6      368.00
       13.99425       6      369.00
       12.97084       6      370.00
       12.06662       4      371.00
       12.91189       4      372.00
       13.10453       4      373.00
       12.05218       4      374.00
       12.63711       4      375.00
       11.87860       6      376.00
       15.51921       6      377.00
       13.98278       4      378.00
       14.37996       4      379.00
       12.16369       4      380.00
       12.09766       4      381.00
       12.53673       4      382.00
       12.59352       4      383.00
       15.43891       4      384.00
       13.15640       4      385.00
       13.54252       4      386.00
       13.01681       4      387.00
       12.84807       4      388.00
       11.67731       6      389.00
       12.72014       4      390.00
       11.79647       6      391.00
       13.94922       6      392.00
       14.94540       4      393.00
       12.53360       4      394.00
       14.65776       4      395.00
       13.89022       4      396.00
       17.04766       4      397.00
       13.10246       4      398.00
       12.37459       6      399.00
       13.45591       4      400.00
       12.62708       4      401.00
       13.80620       4      402.00
       12.59397       6      403.00
       16.00858       4      404.00
       13.79295       4      405.00
       13.72593       4      406.00
       12.96969       4      407.00
       13.31592       4      408.00
       12.17014       6      409.00
       11.73321       6      410.00
       12.09705       4      411.00
       12.53569       6      412.00
       15.79460       4      413.00
       12.04845       4      414.00
       12.06254       4      415.00
       15.61916       4      416.00
       11.79974       4      417.00
       12.89047       4      418.00
       13.66619       4      419.00
       12.19715       6      420.00
       12.89493       4      421.00
       12.06975       4      422.00
       12.35758       4      423.00
       12.61122       4      424.00
       12.15577       4      425.00
       14.25818       4      426.00
       12.06608       4      427.00
       14.36833       4      428.00
       15.62529       4      429.00
        2.95548       5      430.00
        2.78218       9      431.00
        2.99749       5      432.00
        2.39905       5      433.00
        2.44296       5      434.00
        3.06272       5      435.00
        2.41310       5      436.00
        2.39508       5      437.00
        2.13990       5      438.00
        3.53017       5      439.00
        2.58104       5      440.00
        4.72826       5      441.00
        3.01156       5      442.00
        3.30227       5      443.00
        3.63004       5      444.00
        3.74254       5      445.00
        2.20192       5      446.00
        2.26166       5      447.00
        4.57026       5      448.00
        2.97334       5      449.00
        2.50089       5      450.00
        2.29974       5      451.00
        2.29352       5      452.00
        2.75350       5      453.00
        2.21368       5      454.00
        2.44989       5      455.00
        2.91690       5      456.00
        5.65987       5      457.00
        2.30520       5      458.00
        3.83784       5      459.00
        2.45851       5      460.00
        3.57510       5      461.00
        3.71778       5      462.00
        4.32706       5      463.00
        3.22566       5      464.00
        3.42622       5      465.00
        3.46650       5      466.00
        2.89655       9      467.00
        2.96650       5      468.00
        3.00325       5      469.00
        2.43933       5      470.00
        2.22217       5      471.00
        3.73179       5      472.00
        2.12947       5      473.00
        2.27300       5      474.00
        3.64616       5      475.00
        4.55841       5      476.00
        3.47640       5      477.00
        3.27712       5      478.00
        2.87803       9      479.00
        2.68418       5      480.00
        4.27838       5      481.00
        2.03136       5      482.00
        3.43912       5      483.00
        2.36498       5      484.00
        3.00720       5      485.00
        5.11335       5      486.00
        2.97806       5      487.00
        2.02268       5      488.00
        2.00144       5      489.00
        2.42509       5      490.00
        2.43842       5      491.00
        2.26135       9      492.00
        2.81458       5      493.00
        2.60385       5      494.00
        3.60616       5      495.00
        2.70732       5      496.00
        2.95137       5      497.00
        2.50291       5      498.00
        2.28453       5      499.00
        2.77571       5      500.00
        3.48966       9      501.00
        3.03721       5      502.00
        3.82430       5      503.00
        2.83591       5      504.00
        3.10907       9      505.00
        2.32134       5      506.00
        2.20161       5      507.00
        2.41411       5      508.00
        2.71853       5      509.00
        2.73989       5      510.00
        2.93150       5      511.00
        3.70654       5      512.00
        2.78285       5      513.00
        2.42991       5      514.00
        2.76119       9      515.00
        2.23550       5      516.00
        2.07426       9      517.00
        2.56635       9      518.00
        3.35548       9      519.00
        2.89086       5      520.00
        2.49935       5      521.00
        3.74676       9      522.00
        2.56288       5      523.00
        3.70456       5      524.00
        3.68323       5      525.00
        2.68337       5      526.00
        2.28135       5      527.00
        2.35821       5      528.00
        2.55581       5      529.00
        3.19290       5      530.00
        3.73871       5      531.00
        2.57775       5      532.00
        2.82394       5      533.00
        3.10528       5      534.00
        1.98216       5      535.00
        2.64298       5      536.00
        3.23739       5      537.00
        2.96366       5      538.00
        2.84157       5      539.00
        2.71118       5      540.00
        3.66314       5      541.00
        2.09433       5      542.00
        3.87319       5      543.00
        2.02696       9      544.00
        2.69581       5      545.00
        2.65313       5      546.00
        3.05719       5      547.00
        2.37553       5      548.00
        2.30312       9      549.00
        2.73642       5      550.00
        1.99789       5      551.00
        2.14800       5      552.00
        3.73004       5      553.00
        3.06811       5      554.00
        2.81295       5      555.00
        3.47324       5      556.00
        2.35886       5      557.00
        2.45779       5      558.00
        3.47072       5      559.00
        2.44376       5      560.00
        3.07111       5      561.00
        4.16621       5      562.00
        2.16086       5      563.00
        2.15945       5      564.00
        2.06634       5      565.00
        3.47294       5      566.00
        3.76414       5      567.00
        2.01936       5      568.00
        1.96741       9      569.00
        2.81577       5      570.00
        2.80000       5      571.00
        2.32069       5      572.00
        3.67168       5      573.00
        2.81550       5      574.00
        2.49321       5      575.00
        3.10737       5      576.00
        3.13786       5      577.00
        1.93925       5      578.00
        3.55822       5      579.00
        2.42452       5      580.00
        2.80090       5      581.00
        2.60309       9      582.00
        2.44159       5      583.00
        2.17344       5      584.00
        2.93455       5      585.00
        4.84984       5      586.00
        2.30553       5      587.00
        2.95402       5      588.00
        3.96122       5      589.00
        3.84873       5      590.00
        3.18375       5      591.00
        2.48794       5      592.00
        3.23458       5      593.00
        2.67310       5      594.00
        2.45511       5      595.00
        2.25820       5      596.00
        3.34254       5      597.00
        2.32101       9      598.00
        3.94280       5      599.00
        2.80359       5      600.00
        2.53902       5      601.00
        1.94534       5      602.00
        3.00354       5      603.00
        2.11380       5      604.00
        1.99210       5      605.00
        2.75332       5      606.00
        3.47838       5      607.00
        2.29452       5      608.00
        2.06715       5      609.00
        3.48691       5      610.00
        2.45206       5      611.00
        2.22149       9      612.00
        3.28102       5      613.00
        3.25619       5      614.00
        3.36298       5      615.00
        1.96273       9      616.00
        2.21060       5      617.00
        2.29280       5      618.00
        2.03717       5      619.00
        2.83095       5      620.00
        2.33394       5      621.00
        2.03554       5      622.00
        2.78807       5      623.00
        2.65002       5      624.00
        2.66341       5      625.00
        2.13476       5      626.00
        3.05801       5      627.00
        3.00419       5      628.00
        2.46200       5      629.00
        2.36394       5      630.00
        3.99567       5      631.00
        2.92695       5      632.00
        3.00158       5      633.00
        3.12398       5      634.00
        3.75187       5      635.00
        2.65018       5      636.00
        2.81386       5      637.00
        3.17998       5      638.00
        3.05873       5      639.00
        3.08244       5      640.00
        2.19357       5      641.00
        2.29999       5      642.00
        2.04249       9      643.00
        3.91971       5      644.00
        2.63501       5      645.00
        4.16914       5      646.00
        2.49290       5      647.00
        3.54081       5      648.00
        2.08172       5      649.00
        2.14484       5      650.00
        3.59938       5      651.00
        3.57312       5      652.00
        2.72488       5      653.00
        2.09608       9      654.00
        3.66467       5      655.00
        2.35771       5      656.00
        2.14270       9      657.00
        4.10485       5      658.00
        3.05573       5      659.00
        1.91813       5      660.00
        2.33110       5      661.00
        2.15164       5      662.00
        2.03001       5      663.00
        2.32586       5      664.00
        2.47220       5      665.00
        2.32991       5      666.00
        4.83807       5      667.00
        2.51624       5      668.00
        3.09661       5      669.00
        3.38961       5      670.00
        2.61384       5      671.00
        2.27557       5      672.00
        2.70463       5      673.00
        1.95437       5      674.00
        2.15281       5      675.00
        4.51017       5      676.00
        3.14025       5      677.00
        2.57635       5      678.00
        3.38461       9      679.00
        4.13656       5      680.00
        3.28563       5      681.00
        2.52856       5      682.00
        3.22118       5      683.00
        3.03440       5      684.00
        2.66456       5      685.00
        2.12106       5      686.00
        2.29048       5      687.00
        2.68939       5      688.00
        2.37927       5      689.00
        3.70590       5      690.00
        3.50712       5      691.00
        2.82918       5      692.00
        2.91143       5      693.00
        3.29893       5      694.00
        4.20344       5      695.00
        2.70379       5      696.00
        2.06214       5      697.00
        2.75137       5      698.00
        2.84290       5      699.00
